888991111994444444466111166888
889112222119444444611555511688
891222222221944446122555522168
912222222222194461552255225516
912222112222194461555211255516
122221331222219615555133155551
111113333111119611111333311111
111113333111119611111333311111
133331331333319613333133133331
913333113333198861333311333316
913333333333198861333333333316
491333333331982286133333333164
449113333119823328611333311644
444991111998239932866111166444
444449999882397793288666644444
444445555882397793288777744444
444551111558239932877111177444
445111141115823328711333311744
451411411141582287133333333174
511411141141158871333333333317
511411221141158871333322333317
111412112141115713333233233331
122221331222215712222333322221
122221331222215712222333322221
111412112141115713333233233331
511411221141154471333322333317
511411411141154471333333333317
851411141141544447133333333178
885111411115444444711333311788
888551111554444444477111177888
